+996555139213
996771902118
996703472615
996550125928
996558900206
996550505070
996550111106
996550111106
996778754811
996220258484
996550512000
996552730870
996555115256
996708953890
996778031510
996773982485
996773982485
996554002070
996706856768
996772786371
996553504430
996777200420
996704452507
996771340909
996556633374
996709006189
996779447227
996776135425
996995070717
996551514007
996558134323
996779898955
996704261786
996771103992
996558804184
996779818283
996779818283
996777318686
996706454006
996770066660
996779919173
996777535313
996557575642
996770458630
996222901522
996220883471
996555108180
996555510202
996772630146
996775592592
996777393857
996772420420
996221012197
996557677195
996557275747
996708170045
996708017880
996776658010
996779090506
996507878239
996771642060
996770151435
996770151435
996551470501
996224444808
996776555507
996772548764
996707641020
996707641020
996702940798
996778111939
996771759552
996778604664
996778604664
996778604664
996558744450
996556181821
996773409048
996773750593
996559607560
996755676819
996555666698
996555666698
996771368346
996550337503
996708332317
996703506359
996223130393
996550448894
996507777700
996755707027
+996500167541
996558294029
996770181226
996550901919
996779202069
996772151311
996224091211
996554122295
996554097978
996773210583
996503708070
996222455252
996777508230
996559710047
996559710047
996772751497
996772179377
996558110988
996554665550
996778868817
996223070758
996777608360
996554020059
996554020059
996708242992
996708242992
996550119991
996556002618
996773964499
996770509078
996559091932
996559011414
996220212111
996551222214
996778029060
996772604600
996777505037
996550528752
996779485148
996778990031
996779292715
996778008775
996500011433
996772298725
996772623119
996227080859
996553119159
996990015615
996502101998
996555622368
996774333375
996995551155
996551465111
996706033401
996775010116
996773706192
996772137815
996501211092
996774612024
996556282634
996706514188
996771835893
996773767642
996554330405
996558020337
996553800101
996550443544
996554584458
996773443355
996505220422
996222973737
996990799090
996555132077
996779477088
996778782981
996552553288
996773827760
996700122562
996772600200
996777116555
996772617166
996707969680
996771902020
996997009894
996706917518
996773787910
996773277757
996995363393
996222308885
996555008241
996552539889
996220509220
996508142803
996551002718
996700902680
996772241616
996772930022
996508200025
996557665005
996776219595
996773490696
996773490696
996507801780
996772999032
996778101994
996222400997
996501199120
996773978740
996502843292
996555201996
996771111109
996773926644
996554606001
996773808268
996500940419
996500940419
996999195650
996773606026
996778921600
996755224242
996702309601
996773760340
996704038225
996553999350
996779094918
996772667458
996772667458
996772667458
996772667458
996773928665
996771266073
996557077070
996705518182
996705518182
996501262804
996998580053
996777007679
996556021212
996556021212
996551163808
996507073759
996777872729
996554515186
996220495405
996552929231
996779277524
996777779755
996778612283
996555734349
996778081268
996997565672
996704248788
996502008092
996500906444
996755554256
996708838913
996557471414
996755281087
996777696579
996778387275
996557442000
996704505600
996773722383
996557304904
996553290200
996770301162
996778381484
996559565856
996554000444
996553332503
996557052530
996557052530
996773110252
996554070026
996779885850
996779885850
996559507800
996507505684
996773050313
996773661222
996220070339
996550999601
996777476165
996777476165
996500388033
996551217190
996777770082
996990100743
996559200588
996700688465
996773773344
996554201197
996552229992
996557930093
996554840059
996507113216
996708871464
996779658484
0
0
0
996558186858
996223222725
996551401055
996772066868
996777643149
996777844499
996774701915
996778977890
996999077100
996555816681
996509065729
996771665411
996553696700
996222377659
996706545885
996553777579
996778298118
996778298118
996556866816
996990303637
996559000348
996773406554
996559380909
996553743435
996550080739
996501184094
996707337467
996551308803
996704295025
996704295025
996552324132
996776374098
996995595988
996222849404
996772077010
996777201157
996778077801
996770537753
996990838182
996554109990
996554109990
996504676898
996772287036
996222152624
996772163218
996772163218
996553600403
996778938856
996551077774
996704530446
996700801873
996778051165
996221363636
996778888065
996558880012
996550123290
996550123290
996557070008
996702223922
996779777704
996555195357
996557090707
996507881719
996772000404
996553313154
996553313154
996222389006
996777288178
996706548571
996555788036
996777689933
996772959195
996509508346
996778370633
996776016355
996772210821
996770166715
996773797377
996880990000
996779773398
996221186243
996551747089
996776931909
996779999004
996774120294
996555864781
996770747272
996778519292
996552110455
996990828882
996550784101
996703374299
996558202065
996771497110
996706768808
996551005400
996774935000
996707517161
996504298996
996771433310
996777389718
996773844223
996550610618
996700384470
996505357359
996222010180
996555070929
996551533339
996770500999
996770500999
996555757608
996555230000
996702088027
996554393938
996779054005
996554055486
996771585275
996556571000
996554830083
996556580158
996770518028
996701050707
996501984050
996777777741
996999995744
996999690096
996999690096
996552552872
996552044242
996556840502
996771917548
996550333717
996776500993
996704285142
996707102210
996776280091
996775007071
996777709696
996702180865
996709367070
996755019087
996558151510
996557006607
996771386569
996771278605
996771191393
996772890272
996558500035
996703360696
996703360696
996501052250
996707020512
996559707879
996772660007
996556161054
996556201510
996556201510
996772266660
996773887180
996778344404
996778344404
996772819145
996772101004
996998727280
996707354313
996773022587
996222606060
996774606290
996999555170
996755000271
996773828264
996707646457
996550158695
996554333313
996550699393
996550002953
996776222322
996771799880
996773223631
996773223631
996550761110
996700183645
996554902290
996552091400
996550424707
996778204512
996777212324
996774565612
996774628888
996705987698
996999232394
996773738540
996559118611
996558205005
996550122738
996773068176
996559116911
996776429483
996990989818
996998175925
996220883614
996708321672
996558050062
996557190777
996500027456
996509121010
996778090309
996555601200
996500110142
996220393631
996551300801
996704382814
996558151516
996999005905
996700249881
996778567616
996704349477
996779000788
996773440574
996552922270
996556031600
996225151536
996776033288
996558655765
996552037707
996550264448
996550264448
996557499797
996702229790
996773662424
996704135596
996552020060
996778968029
996222461800
996779500208
996553691333
996552885567
996777570752
996779343361
996558605777
996552197979
996779303390
996550031081
996557775749
996770637030
996550777468
996707014634
996221377278
996777595970
996773897212
996776909316
996777215008
996554425505
996755414949
996228918123
996559300953
996777838320
996507779218
996221356012
996772121377
996552970303
996553753313
996777204205
996770595998
996706446837
996554200010
996704958444
996771753210
996559002249
996776260794
996501510705
996553414666
996550000070
996778000030
996771271127
996551353514
996559049400
996770391137
996221141414
996553019533
996559030460
996779453818
996778093053
996502984646
996774467121
996554024403
996776347777
996227110997
996778467441
996772839757
996227447944
996773767788
996503080731
996551004904
996772604812
996226010160
996222722228
996772750751
996551075005
996221137764
996772778227
996777606448
996221313295
996770672926
996772620505
996552000641
996558409590
996777025516
996774010588
996554333341
996755663377
996706231213
996701111515
996551251093
996779522314
996708878308
996777080995
996779785434
996226869090
996558257425
996707950123
996776001100
996990088686
996558079591
996777593546
996770309330
996999929992
996777713967
996777621478
996508504612
996773464903
996558270527
996559130315
996500005365
996778047270
996550989894
996501446039
996507575847
996507575847
996553141087
996755595657
996552534953
996553510090
996772521361
996776166747
996771121518
996700981498
996777002656
996770009101
996550655050
996773868257
996550887811
996777142015
996778934492
996554700738
996500131316
996771060641
996770880318
996550550909
996990221188
996772167070
996559152527
996776705775
996778569696
996777041339
996755038203
996773111184
996773111184
996770588383
996554280428
996551031210
996559940094
996558872587
996772276155
996776481186
996773580914
996500292018
996552457556
996220020595
996557552588
996777261816
996777294014
996777294014
996777402385
996778510686
996773080746
996551330676
996778663261
996777008743
996551491939
996556284505
996550707013
996771110371
996559541000
996777444454
996555989026
996228918040
996706035270
996223229223
996555261557
996778398622
996774548446
996776367746
996554334071
996999606030
996778606688
996550274345
996554658522
996557279777
996778227700
996555854156
996771743060
996771500089
996779001557
996777257424
996708364634
996550099215
996771358088
996559455478
996222629250
996770181489
996772254402
996770812727
996704045560
996555781256
996501591573
996755589579
996559151511
996704521686
996550409241
996555009084
996555111017
996553549005
996775778877
996779763042
996773643484
996557181292
996555145624
996778689955
996778068221
996556747422
996220932575
996774859175
996770250562
996772182529
996999889393
996776923800
996774120820
996556805656
996551655655
996554222345
996557114514
996556009609
996555181117
996555181117
996707964043
996552664546
996772293614
996555340404
996550215857
996225505041
996777644633
996777644633
996770002800
996770690808
996770690808
996554856064
996772246805
996771580854
996557330505
996770397840
996773666090
996555306818
996556951292
996777411769
996778407967
996772727975
996554015020
996773469640
996773760876
996551588573
996222100752
996773934483
996558008755
996778615096
996779697002
996771751533
996551272207
996772258359
996555462000
996555250550
996778075492
996778858528
996779525470
996773125517
996553003674
996773253220
996771209003
996771565695
996771565695
996550719871
996773730653
996771717878
996551888040
996779838344
996559525210
996773519392
996707000320
996773634646
996771922223
996707114116
996995169995
996507765228
996771772819
996771271085
996226772646
996779007272
996778260312
996779814404
996770665590
996770665590
996500267200
996555914796
996557707630
996776333323
996770240434
996556766866
996552171771
996222302020
996552523883
996773125646
996773705177
996223020385
996779777096
996552735253
996555980972
996554800031
996773688435
996777883882
996774602492
996559588855
996708997008
996772860076
996772372357
996553879191
996555755029
996772260315
996551100033
996550441344
996773200184
996776180848
996779060636
996999099966
996778038203
996559131306
996772144826
996558660050
996500514421
996771245816
996553464300
996556009309
996225323246
996559311631
996708888807
996555841919
996776132133
996774333093
996558401010
996778199327
996558215545
996771144444
996773453863
996770632220
996555776078
996777677477
996555812898
996553730725
996708910756
996700000993
996554055069
996779237272
996778444974
996771764050
996550410941
996555808008
996772687626
996777731415
996779599846
996703661503
996776180019
996553640702
996553640702
996776444547
996778967703
996550040412
996777525049
996777525049
996776019600
996779545471
996779744742
996772879400
996771390969
996557904005
996222086222
996770161708
996779767615
996774180027
996557733395
996778301188
996755939320
996707908877
996777637371
996776100530
996704090682
996779757690
996779017722
996777308009
996771140184
996708696987
996777852480
996774596196
996778053232
996559777007
996778037417
996220014015
996771619040
996772687444
996556552828
996559447944
996777494852
996779926060
996556999899
996773325656
996507278306
996771555422
996555876409
996770277009
996705150592
996556595900
996508707721
996779981068
996772215181
996225525218
996558181089
996557555372
996553863838
996505681111
996777050528
996770770330
996777333364
996509259595
996558888487
996755112222
996779380834
996778317585
996778317585
996557766747
996777697800
996552213242
996700479416
996777898914
996773979899
996778610161
996776616146
996777032903
996222151892
996702811350
996508309523
996770604558
996553303330
996556135577
996776173993
996777787966
996771182693
996773204777
996552550166
996755099901
996771010614
996773263858
996777554955
996550532800
996777831819
996559299829
996555666301
996555790901
996551007009
996555598787
996555855826
996550351512
996772313156
996772021415
996778244799
996778066650
996554442070
996777850384
996778030392
996224205402
996773235756
996702686911
996556037158
996778950415
996556510201
996550820881
996558010901
996777787473
996773434444
996771071421
996770514401
996776168505
996779742760
996707241992
996779300692
996559290060
996553199890
996999353203
996777696059
996555009300
996776181818
996777677179
996772849600
996502380538
996551484010
996755185918
996776116899
996704089191
996771270981
996221190175
996772733542
996773296868
996772222277
996553575808
996703114008
996707763100
996772290910
996559966907
996777869898
996552090999
996999196969
996551506030
996555606016
996700278121
996770353503
996779207919
996555254004
996772514864
996551551502
996778560456
996505058805
996220141479
996228900091
996706030190
996779599459
996557150392
996557010400
996552902701
996777427770
996755885059
996554788752
996555252606
996550101437
996778345904
996778283636
996552271979
996776660662
996505467246
996777280888
996755292988
996558000677
996552897172
996509505091
996770494772
996778128861
996999040450
996555780055
996999142424
996755656625
996770660097
996556288863
996771519593
996555438741
996779111126
996773037459
996707167985
996555600000
996776642664
996771220801
996778555514
996777419299
996556939609
996778626886
996772886270
996770677902
996773500050
996774627545
996559790421
996771912070
996704000047
996778208159
996501131165
996779062009
996550055895
996773306494
996557857117
996772141480
996771597887
996557094443
996772474546
996778123280
996559004321
996990300991
996779764522
996550989806
996779898692
996777414440
996779323337
996708686822
996558324224
996508333778
996700740075
996224002000
996557099900
996770464690
996779119635
996556007900
996777208362
996775901010
996770521804
996702117479
996227676767
996555051714
996779723700
996779723700
996700897456
996505198114
996221056014
996550225014
996777556689
996551350505
996557454441
996776031579
996772751277
996553878804
996555570071
996999555792
996559999949
996778293168
996778595952
996777135618
996557666673
996779481528
996700207919
996222021531
996557999328
996771993315
996554676362
996709810755
996777777279
996777723931
996772213132
996555822512
996778452547
996555295058
996770471677
996775006866
996775006866
996559119991
996703170791
996706269891
996222818084
996555046030
996773200204
996551436643
996771073808
996778636413
996551110025
996554234733
996555957535
996777134824
996773020577
996550135301
996773940738
996777716616
996778565925
996778301922
996550050592
996703944445
996776602525
996222200109
996774914314
996552080865
996553050004
996773486866
996555872775
996773078006
996550009113
996550009113
996779167711
996755070994
996779911551
996554514451
996773012012
996500634102
996703341995
996777706977
996708982111
996776839212
996777428741
996777807600
996551870707
996553898598
996777888896
996556238971
996773177065
996550060074
996778835107
996501118095
996779900282
996755024219
996778909090
996500280127
996559559995
996771287000
996779867388
996778051513
996508086158
996776210394
996772615452
996500402624
996550653250
996501199284
996779683010
996504956895
996773983560
996779200087
996772986375
996777156616
996557833183
996550791983
996700082656
996505070676
996771859327
996779619160